dates2,cum_cases,cum_deaths,cum_recover,new_cases,new_deaths,new_recover,new_uninfected
03/06/20,0,0,0,0,0,0,0
03/07/20,0,0,0,0,0,0,0
03/08/20,1,0,0,1,0,0,0
03/09/20,1,0,0,0,0,0,0
03/10/20,1,0,0,0,0,0,0
03/11/20,1,0,0,0,0,0,0
03/12/20,2,0,0,1,0,0,0
03/13/20,2,0,0,0,0,0,0
03/14/20,4,0,0,2,0,0,0
03/15/20,4,0,0,0,0,0,0
03/16/20,8,0,0,4,0,0,0
03/17/20,10,0,0,2,0,0,0
03/18/20,19,0,0,9,0,0,0
03/19/20,22,0,0,3,0,0,0
03/20/20,29,2,0,7,2,0,2
03/21/20,29,2,0,0,0,0,0
03/22/20,52,2,0,23,0,0,0
03/23/20,75,5,0,23,3,0,3
03/24/20,95,7,0,20,2,0,2
03/25/20,123,8,0,28,1,0,1
03/26/20,158,9,0,35,1,0,1
03/27/20,184,10,0,26,1,0,1
03/28/20,211,12,0,27,2,0,2
03/29/20,235,12,0,24,0,0,0
03/30/20,256,12,0,21,0,0,0
03/31/20,293,13,15,37,1,15,16
04/01/20,321,16,15,28,3,0,3
04/02/20,338,17,15,17,1,0,1
04/03/20,389,17,15,51,0,0,0
04/04/20,461,20,15,72,3,0,3
04/05/20,512,22,15,51,2,0,2
04/06/20,543,23,15,31,1,0,1
04/07/20,575,23,15,32,0,0,0
04/08/20,605,23,15,30,0,0,0
04/09/20,628,23,15,23,0,0,0
04/10/20,679,24,15,51,1,0,1
04/11/20,711,25,15,32,1,0,1
04/12/20,727,27,15,16,2,0,2
04/13/20,748,28,15,21,1,0,1
04/14/20,752,29,15,4,1,0,1
04/15/20,759,30,15,7,1,0,1
04/16/20,768,35,15,9,5,0,5
04/17/20,779,35,15,11,0,0,0
04/18/20,803,38,15,24,3,0,3
04/19/20,812,38,15,9,0,0,0
04/20/20,816,38,15,4,0,0,0
04/21/20,818,40,0,2,2,-15,-13
04/22/20,823,40,0,5,0,0,0
04/23/20,825,43,0,2,3,0,3
04/24/20,827,44,0,2,1,0,1
04/25/20,843,46,0,16,2,0,2
04/26/20,851,46,0,8,0,0,0
04/27/20,855,47,0,4,1,0,1
