,dates2,cum_cases,cum_deaths,cum_recover,new_cases,new_deaths,new_recover,new_uninfected
0,01/22/20,0,0.0,0.0,0,0,0,0
1,01/23/20,0,0.0,0.0,0,0,0,0
2,01/24/20,0,0.0,0.0,0,0,0,0
3,01/25/20,0,0.0,0.0,0,0,0,0
4,01/26/20,0,0.0,0.0,0,0,0,0
5,01/27/20,0,0.0,0.0,0,0,0,0
6,01/28/20,0,0.0,0.0,0,0,0,0
7,01/29/20,0,0.0,0.0,0,0,0,0
8,01/30/20,0,0.0,0.0,0,0,0,0
9,01/31/20,0,0.0,0.0,0,0,0,0
10,02/01/20,0,0.0,0.0,0,0,0,0
11,02/02/20,0,0.0,0.0,0,0,0,0
12,02/03/20,0,0.0,0.0,0,0,0,0
13,02/04/20,0,0.0,0.0,0,0,0,0
14,02/05/20,0,0.0,0.0,0,0,0,0
15,02/06/20,0,0.0,0.0,0,0,0,0
16,02/07/20,0,0.0,0.0,0,0,0,0
17,02/08/20,0,0.0,0.0,0,0,0,0
18,02/09/20,0,0.0,0.0,0,0,0,0
19,02/10/20,0,0.0,0.0,0,0,0,0
20,02/11/20,0,0.0,0.0,0,0,0,0
21,02/12/20,0,0.0,0.0,0,0,0,0
22,02/13/20,0,0.0,0.0,0,0,0,0
23,02/14/20,0,0.0,0.0,0,0,0,0
24,02/15/20,0,0.0,0.0,0,0,0,0
25,02/16/20,0,0.0,0.0,0,0,0,0
26,02/17/20,0,0.0,0.0,0,0,0,0
27,02/18/20,0,0.0,0.0,0,0,0,0
28,02/19/20,0,0.0,0.0,0,0,0,0
29,02/20/20,0,0.0,0.0,0,0,0,0
30,02/21/20,0,0.0,0.0,0,0,0,0
31,02/22/20,0,0.0,0.0,0,0,0,0
32,02/23/20,0,0.0,0.0,0,0,0,0
33,02/24/20,0,0.0,0.0,0,0,0,0
34,02/25/20,0,0.0,0.0,0,0,0,0
35,02/26/20,0,0.0,0.0,0,0,0,0
36,02/27/20,0,0.0,0.0,0,0,0,0
37,02/28/20,0,0.0,0.0,0,0,0,0
38,02/29/20,0,0.0,0.0,0,0,0,0
39,03/01/20,0,0.0,0.0,0,0,0,0
40,03/02/20,0,0.0,0.0,0,0,0,0
41,03/03/20,0,0.0,0.0,0,0,0,0
42,03/04/20,0,0.0,0.0,0,0,0,0
43,03/05/20,0,0.0,0.0,0,0,0,0
44,03/06/20,1,0.0,0.0,1,0,0,0
45,03/07/20,1,0.0,0.0,0,0,0,0
46,03/08/20,3,0.0,0.0,2,0,0,0
47,03/09/20,3,0.0,0.0,0,0,0,0
48,03/10/20,7,0.0,0.0,4,0,0,0
49,03/11/20,10,0.0,0.0,3,0,0,0
50,03/12/20,16,0.0,0.0,6,0,0,0
51,03/13/20,32,0.0,0.0,16,0,0,0
52,03/14/20,44,0.0,0.0,12,0,0,0
53,03/15/20,54,0.0,0.0,10,0,0,0
54,03/16/20,63,0.0,0.0,9,0,0,0
55,03/17/20,72,0.0,0.0,9,0,0,0
56,03/18/20,105,1.0,0.0,33,1,0,1
57,03/19/20,123,1.0,0.0,18,0,0,0
58,03/20/20,137,1.0,0.0,14,0,0,0
59,03/21/20,178,1.0,0.0,41,0,0,0
60,03/22/20,185,,7.0,7,0,7,6
61,03/23/20,186,,7.0,1,0,0,0
62,03/24/20,204,,7.0,18,0,0,0
63,03/25/20,216,,7.0,12,0,0,0
64,03/26/20,226,,,10,0,0,-5
65,03/27/20,269,,7.0,43,0,0,0
66,03/28/20,292,,7.0,23,0,0,0
67,03/29/20,314,,7.0,22,0,0,0
68,03/30/20,336,,7.0,22,0,0,5
69,03/31/20,363,,,27,0,0,-4
70,04/01/20,400,1.0,7.0,37,0,0,1
71,04/02/20,426,1.0,7.0,26,0,0,2
72,04/03/20,450,1.0,10.0,24,0,3,5
73,04/04/20,471,1.0,10.0,21,0,0,0
74,04/05/20,485,1.0,10.0,14,0,0,0
75,04/06/20,534,2.0,,49,1,0,-1
76,04/07/20,581,2.0,13.0,47,0,0,5
77,04/08/20,682,2.0,16.0,101,0,3,3
78,04/09/20,701,2.0,23.0,19,0,7,7
79,04/10/20,715,2.0,23.0,14,0,0,0
80,04/11/20,728,2.0,23.0,13,0,0,0
81,04/12/20,742,2.0,23.0,14,0,0,0
82,04/13/20,769,2.0,107.0,27,0,84,84
83,04/14/20,835,2.0,113.0,66,0,6,6
84,04/15/20,863,6.0,151.0,28,4,38,42
85,04/16/20,977,8.0,167.0,114,2,16,18
86,04/17/20,1049,9.0,175.0,72,1,8,9
87,04/18/20,1089,11.0,213.0,40,2,38,40
88,04/19/20,1161,12.0,229.0,72,1,16,17
89,04/20/20,1173,13.0,251.0,12,1,22,23
90,04/21/20,1199,14.0,258.0,26,1,7,8
91,04/22/20,1244,14.0,284.0,45,0,26,26
92,04/23/20,1325,15.0,288.0,81,1,4,5
93,04/24/20,1360,17.0,355.0,35,2,67,69
94,04/25/20,1373,17.0,386.0,13,0,31,31
95,04/26/20,1379,18.0,394.0,6,1,8,9
