dates2,cum_cases,cum_deaths,cum_recover,new_cases,new_deaths,new_recover,new_uninfected
03/07/20,0,0,0,0,0,0,0
03/08/20,0,0,0,0,0,0,0
03/09/20,0,0,0,0,0,0,0
03/10/20,0,0,0,0,0,0,0
03/11/20,0,0,0,0,0,0,0
03/12/20,1,0,0,1,0,0,0
03/13/20,1,0,0,0,0,0,0
03/14/20,5,0,0,4,0,0,0
03/15/20,7,0,0,2,0,0,0
03/16/20,7,0,0,0,0,0,0
03/17/20,8,0,0,1,0,0,0
03/18/20,10,0,0,2,0,0,0
03/19/20,12,0,0,2,0,0,0
03/20/20,16,0,0,4,0,0,0
03/21/20,20,0,0,4,0,0,0
03/22/20,31,0,0,11,0,0,0
03/23/20,34,0,0,3,0,0,0
03/24/20,46,0,0,12,0,0,0
03/25/20,53,0,0,7,0,0,0
03/26/20,71,0,0,18,0,0,0
03/27/20,108,0,0,37,0,0,0
03/28/20,129,1,0,21,1,0,1
03/29/20,154,1,0,25,0,0,0
03/30/20,171,4,0,17,3,0,3
03/31/20,184,4,0,13,0,0,0
04/01/20,208,5,0,24,1,0,1
04/02/20,227,5,0,19,0,0,0
04/03/20,243,5,0,16,0,0,0
04/04/20,265,5,0,22,0,0,0
04/05/20,286,6,0,21,1,0,1
04/06/20,299,6,0,13,0,0,0
04/07/20,319,6,0,20,0,0,0
04/08/20,332,6,135,13,0,135,135
04/09/20,354,6,157,22,0,22,22
04/10/20,365,6,165,11,0,8,8
04/11/20,377,6,169,12,0,4,4
04/12/20,387,6,169,10,0,0,0
04/13/20,394,7,171,7,1,2,3
04/14/20,399,7,197,5,0,26,26
04/15/20,404,7,209,5,0,12,12
04/16/20,415,7,218,11,0,9,9
04/17/20,422,8,233,7,1,15,16
04/18/20,426,10,234,4,2,1,3
04/19/20,433,10,243,7,0,9,9
04/20/20,433,10,243,0,0,0,0
04/21/20,437,12,273,4,2,30,32
04/22/20,439,14,296,2,2,23,25
04/23/20,442,14,306,3,0,10,10
04/24/20,444,14,325,2,0,19,19
04/25/20,445,14,339,1,0,14,14
04/26/20,448,14,339,3,0,0,0
04/27/20,449,14,352,1,0,13,13
