dates2,cum_cases,cum_deaths,cum_recover,new_cases,new_deaths,new_recover,new_uninfected
01/22/20,0,0,0,0,0,0,0
01/23/20,0,0,0,0,0,0,0
01/24/20,0,0,0,0,0,0,0
01/25/20,0,0,0,0,0,0,0
01/26/20,0,0,0,0,0,0,0
01/27/20,0,0,0,0,0,0,0
01/28/20,0,0,0,0,0,0,0
01/29/20,0,0,0,0,0,0,0
01/30/20,0,0,0,0,0,0,0
01/31/20,0,0,0,0,0,0,0
02/01/20,0,0,0,0,0,0,0
02/02/20,0,0,0,0,0,0,0
02/03/20,0,0,0,0,0,0,0
02/04/20,0,0,0,0,0,0,0
02/05/20,0,0,0,0,0,0,0
02/06/20,0,0,0,0,0,0,0
02/07/20,0,0,0,0,0,0,0
02/08/20,0,0,0,0,0,0,0
02/09/20,0,0,0,0,0,0,0
02/10/20,0,0,0,0,0,0,0
02/11/20,0,0,0,0,0,0,0
02/12/20,0,0,0,0,0,0,0
02/13/20,0,0,0,0,0,0,0
02/14/20,0,0,0,0,0,0,0
02/15/20,0,0,0,0,0,0,0
02/16/20,0,0,0,0,0,0,0
02/17/20,0,0,0,0,0,0,0
02/18/20,0,0,0,0,0,0,0
02/19/20,0,0,0,0,0,0,0
02/20/20,0,0,0,0,0,0,0
02/21/20,0,0,0,0,0,0,0
02/22/20,0,0,0,0,0,0,0
02/23/20,0,0,0,0,0,0,0
02/24/20,1,0,0,1,0,0,0
02/25/20,11,0,0,10,0,0,0
02/26/20,26,0,0,15,0,0,0
02/27/20,43,0,0,17,0,0,0
02/28/20,45,0,0,2,0,0,0
02/29/20,45,0,0,0,0,0,0
03/01/20,45,0,0,0,0,0,0
03/02/20,56,0,0,11,0,0,0
03/03/20,56,0,0,0,0,0,0
03/04/20,56,0,0,0,0,0,0
03/05/20,58,0,0,2,0,0,0
03/06/20,58,0,0,0,0,0,0
03/07/20,61,0,0,3,0,0,0
03/08/20,64,0,1,3,0,1,1
03/09/20,64,0,1,0,0,0,0
03/10/20,69,0,1,5,0,0,0
03/11/20,72,0,2,3,0,1,1
03/12/20,80,0,5,8,0,3,3
03/13/20,80,0,5,0,0,0,0
03/14/20,104,0,5,24,0,0,0
03/15/20,112,0,5,8,0,0,0
03/16/20,123,0,9,11,0,4,4
03/17/20,130,0,9,7,0,0,0
03/18/20,142,0,15,12,0,6,6
03/19/20,148,0,18,6,0,3,3
03/20/20,159,0,18,11,0,0,0
03/21/20,176,0,27,17,0,9,9
03/22/20,188,0,27,12,0,0,0
03/23/20,189,0,27,1,0,0,0
03/24/20,191,0,39,2,0,12,12
03/25/20,195,0,43,4,0,4,4
03/26/20,208,0,49,13,0,6,6
03/27/20,225,0,57,17,0,8,8
03/28/20,235,0,64,10,0,7,7
03/29/20,255,0,67,20,0,3,3
03/30/20,266,0,72,11,0,5,5
03/31/20,289,0,73,23,0,1,1
04/01/20,317,0,80,28,0,7,7
04/02/20,342,0,81,25,0,1,1
04/03/20,417,0,82,75,0,1,1
04/04/20,479,1,93,62,1,11,12
04/05/20,556,1,99,77,0,6,6
04/06/20,665,1,103,109,0,4,4
04/07/20,743,1,105,78,0,2,2
04/08/20,855,1,111,112,0,6,6
04/09/20,910,1,111,55,0,0,0
04/10/20,993,1,123,83,0,12,12
04/11/20,1154,1,133,161,0,10,10
04/12/20,1234,1,142,80,0,9,9
04/13/20,1300,2,150,66,1,8,9
04/14/20,1355,3,176,55,1,26,27
04/15/20,1405,3,206,50,0,30,30
04/16/20,1524,3,225,119,0,19,19
04/17/20,1658,5,258,134,2,33,35
04/18/20,1751,6,280,93,1,22,23
04/19/20,1915,7,305,164,1,25,26
04/20/20,1995,9,367,80,2,62,64
04/21/20,2080,11,412,85,2,45,47
04/22/20,2248,13,443,168,2,31,33
04/23/20,2399,14,498,151,1,55,56
04/24/20,2614,15,613,215,1,115,116
04/25/20,2892,19,656,278,4,43,47
04/26/20,3075,20,806,183,1,150,151
04/27/20,3288,22,1012,213,2,206,208
