dates2,cum_cases,cum_deaths,cum_recover,new_cases,new_deaths,new_recover,new_uninfected
01/22/20,0,0,0,0,0,0,0
01/23/20,0,0,0,0,0,0,0
01/24/20,0,0,0,0,0,0,0
01/25/20,0,0,0,0,0,0,0
01/26/20,0,0,0,0,0,0,0
01/27/20,0,0,0,0,0,0,0
01/28/20,0,0,0,0,0,0,0
01/29/20,0,0,0,0,0,0,0
01/30/20,0,0,0,0,0,0,0
01/31/20,0,0,0,0,0,0,0
02/01/20,0,0,0,0,0,0,0
02/02/20,0,0,0,0,0,0,0
02/03/20,0,0,0,0,0,0,0
02/04/20,0,0,0,0,0,0,0
02/05/20,0,0,0,0,0,0,0
02/06/20,0,0,0,0,0,0,0
02/07/20,0,0,0,0,0,0,0
02/08/20,0,0,0,0,0,0,0
02/09/20,0,0,0,0,0,0,0
02/10/20,0,0,0,0,0,0,0
02/11/20,0,0,0,0,0,0,0
02/12/20,0,0,0,0,0,0,0
02/13/20,0,0,0,0,0,0,0
02/14/20,0,0,0,0,0,0,0
02/15/20,0,0,0,0,0,0,0
02/16/20,0,0,0,0,0,0,0
02/17/20,0,0,0,0,0,0,0
02/18/20,0,0,0,0,0,0,0
02/19/20,0,0,0,0,0,0,0
02/20/20,0,0,0,0,0,0,0
02/21/20,0,0,0,0,0,0,0
02/22/20,0,0,0,0,0,0,0
02/23/20,0,0,0,0,0,0,0
02/24/20,0,0,0,0,0,0,0
02/25/20,1,0,0,1,0,0,0
02/26/20,1,0,0,0,0,0,0
02/27/20,8,0,0,7,0,0,0
02/28/20,8,0,0,0,0,0,0
02/29/20,18,0,0,10,0,0,0
03/01/20,27,0,0,9,0,0,0
03/02/20,42,0,0,15,0,0,0
03/03/20,56,0,2,14,0,2,2
03/04/20,90,0,3,34,0,1,1
03/05/20,114,1,3,24,1,0,1
03/06/20,214,1,3,100,0,0,0
03/07/20,268,1,3,54,0,0,0
03/08/20,337,2,3,69,1,0,1
03/09/20,374,2,3,37,0,0,0
03/10/20,491,3,3,117,1,0,1
03/11/20,652,4,4,161,1,1,2
03/12/20,652,4,4,0,0,0,0
03/13/20,1139,11,4,487,7,0,7
03/14/20,1359,13,4,220,2,0,2
03/15/20,2200,14,4,841,1,0,1
03/16/20,2200,14,4,0,0,0,0
03/17/20,2700,27,4,500,13,0,13
03/18/20,3028,28,15,328,1,11,12
03/19/20,4075,41,15,1047,13,0,13
03/20/20,5294,54,15,1219,13,0,13
03/21/20,6575,75,15,1281,21,0,21
03/22/20,7474,98,131,899,23,116,139
03/23/20,8795,120,131,1321,22,0,22
03/24/20,9877,122,131,1082,2,0,2
03/25/20,10897,153,131,1020,31,0,31
03/26/20,11811,191,131,914,38,0,38
03/27/20,12928,231,1530,1117,40,1399,1439
03/28/20,14076,264,1530,1148,33,0,33
03/29/20,14829,300,1595,753,36,65,101
03/30/20,15922,359,1823,1093,59,228,287
03/31/20,16605,433,1823,683,74,0,74
04/01/20,17768,488,2967,1163,55,1144,1199
04/02/20,18827,536,4013,1059,48,1046,1094
04/03/20,19606,591,4846,779,55,833,888
04/04/20,20505,666,6415,899,75,1569,1644
04/05/20,21100,715,6415,595,49,0,49
04/06/20,21657,765,8056,557,50,1641,1691
04/07/20,22253,821,8704,596,56,648,704
04/08/20,23280,895,9800,1027,74,1096,1170
04/09/20,24051,948,10600,771,53,800,853
04/10/20,24551,1002,11100,500,54,500,554
04/11/20,25107,1036,12100,556,34,1000,1034
04/12/20,25415,1106,12700,308,70,600,670
04/13/20,25688,1138,13700,273,32,1000,1032
04/14/20,25936,1174,13700,248,36,0,36
04/15/20,26336,1239,15400,400,65,1700,1765
04/16/20,26732,1281,15900,396,42,500,542
