,dates2,cum_cases,cum_deaths,cum_recover,new_cases,new_deaths,new_recover,new_uninfected
0,01/22/20,0,0,0,0,0,0,0
1,01/23/20,0,0,0,0,0,0,0
2,01/24/20,0,0,0,0,0,0,0
3,01/25/20,0,0,0,0,0,0,0
4,01/26/20,0,0,0,0,0,0,0
5,01/27/20,0,0,0,0,0,0,0
6,01/28/20,0,0,0,0,0,0,0
7,01/29/20,0,0,0,0,0,0,0
8,01/30/20,0,0,0,0,0,0,0
9,01/31/20,0,0,0,0,0,0,0
10,02/01/20,0,0,0,0,0,0,0
11,02/02/20,0,0,0,0,0,0,0
12,02/03/20,0,0,0,0,0,0,0
13,02/04/20,0,0,0,0,0,0,0
14,02/05/20,0,0,0,0,0,0,0
15,02/06/20,0,0,0,0,0,0,0
16,02/07/20,0,0,0,0,0,0,0
17,02/08/20,0,0,0,0,0,0,0
18,02/09/20,0,0,0,0,0,0,0
19,02/10/20,0,0,0,0,0,0,0
20,02/11/20,0,0,0,0,0,0,0
21,02/12/20,0,0,0,0,0,0,0
22,02/13/20,0,0,0,0,0,0,0
23,02/14/20,0,0,0,0,0,0,0
24,02/15/20,0,0,0,0,0,0,0
25,02/16/20,0,0,0,0,0,0,0
26,02/17/20,0,0,0,0,0,0,0
27,02/18/20,0,0,0,0,0,0,0
28,02/19/20,0,0,0,0,0,0,0
29,02/20/20,0,0,0,0,0,0,0
30,02/21/20,1,0,0,1,0,0,0
31,02/22/20,1,0,0,0,0,0,0
32,02/23/20,1,0,0,0,0,0,0
33,02/24/20,1,0,0,0,0,0,0
34,02/25/20,1,0,0,0,0,0,0
35,02/26/20,2,0,0,1,0,0,0
36,02/27/20,3,0,1,1,0,1,1
37,02/28/20,4,0,1,1,0,0,0
38,02/29/20,7,0,1,3,0,0,0
39,03/01/20,10,0,1,3,0,0,0
40,03/02/20,10,0,1,0,0,0,0
41,03/03/20,12,0,1,2,0,0,0
42,03/04/20,15,0,1,3,0,0,0
43,03/05/20,20,0,1,5,0,0,0
44,03/06/20,37,0,2,17,0,1,1
45,03/07/20,43,0,2,6,0,0,0
46,03/08/20,61,0,2,18,0,0,0
47,03/09/20,61,0,2,0,0,0,0
48,03/10/20,75,0,4,14,0,2,2
49,03/11/20,79,0,4,4,0,0,0
50,03/12/20,100,0,4,21,0,0,0
51,03/13/20,126,0,4,26,0,0,0
52,03/14/20,155,0,4,29,0,0,0
53,03/15/20,213,0,4,58,0,0,0
54,03/16/20,218,0,4,5,0,0,0
55,03/17/20,250,0,11,32,0,7,7
56,03/18/20,304,0,11,54,0,0,0
57,03/19/20,427,0,11,123,0,0,0
58,03/20/20,529,0,14,102,0,3,3
59,03/21/20,712,1,36,183,1,22,23
60,03/22/20,883,1,37,171,0,1,1
61,03/23/20,1071,1,37,188,0,0,0
62,03/24/20,1238,3,53,167,2,16,18
63,03/25/20,2369,5,58,1131,2,5,7
64,03/26/20,2693,8,68,324,3,10,13
65,03/27/20,3035,12,79,342,4,11,15
66,03/28/20,3619,12,89,584,0,10,10
67,03/29/20,4247,15,132,628,3,43,46
68,03/30/20,4695,16,161,448,1,29,30
69,03/31/20,5358,20,224,663,4,63,67
70,04/01/20,6092,26,241,734,6,17,23
71,04/02/20,6857,36,338,765,10,97,107
72,04/03/20,7428,40,403,571,4,65,69
73,04/04/20,7851,44,427,423,4,24,28
74,04/05/20,8430,49,477,579,5,50,55
75,04/06/20,8904,57,585,474,8,108,116
76,04/07/20,9248,65,770,344,8,185,193
77,04/08/20,9404,73,801,156,8,31,39
78,04/09/20,9968,86,1011,564,13,210,223
79,04/10/20,10408,95,1183,440,9,172,181
80,04/11/20,10743,101,1341,335,6,158,164
81,04/12/20,11145,103,1627,402,2,286,288
82,04/13/20,11586,116,1855,441,13,228,241
83,04/14/20,12046,123,2195,460,7,340,347
84,04/15/20,12501,130,2563,455,7,368,375
