dates2,cum_cases,cum_deaths,cum_recover,new_cases,new_deaths,new_recover,new_uninfected
01/22/20,0,0,0,0,0,0,0
01/23/20,0,0,0,0,0,0,0
01/24/20,0,0,0,0,0,0,0
01/25/20,0,0,0,0,0,0,0
01/26/20,0,0,0,0,0,0,0
01/27/20,0,0,0,0,0,0,0
01/28/20,0,0,0,0,0,0,0
01/29/20,0,0,0,0,0,0,0
01/30/20,0,0,0,0,0,0,0
01/31/20,0,0,0,0,0,0,0
02/01/20,0,0,0,0,0,0,0
02/02/20,0,0,0,0,0,0,0
02/03/20,0,0,0,0,0,0,0
02/04/20,0,0,0,0,0,0,0
02/05/20,0,0,0,0,0,0,0
02/06/20,0,0,0,0,0,0,0
02/07/20,0,0,0,0,0,0,0
02/08/20,0,0,0,0,0,0,0
02/09/20,0,0,0,0,0,0,0
02/10/20,0,0,0,0,0,0,0
02/11/20,0,0,0,0,0,0,0
02/12/20,0,0,0,0,0,0,0
02/13/20,0,0,0,0,0,0,0
02/14/20,0,0,0,0,0,0,0
02/15/20,0,0,0,0,0,0,0
02/16/20,0,0,0,0,0,0,0
02/17/20,0,0,0,0,0,0,0
02/18/20,0,0,0,0,0,0,0
02/19/20,2,2,0,2,2,0,2
02/20/20,5,2,0,3,0,0,0
02/21/20,18,4,0,13,2,0,2
02/22/20,28,5,0,10,1,0,1
02/23/20,43,8,0,15,3,0,3
02/24/20,61,12,0,18,4,0,4
02/25/20,95,16,0,34,4,0,4
02/26/20,139,19,49,44,3,49,52
02/27/20,245,26,49,106,7,0,7
02/28/20,388,34,73,143,8,24,32
02/29/20,593,43,123,205,9,50,59
03/01/20,978,54,175,385,11,52,63
03/02/20,1501,66,291,523,12,116,128
03/03/20,2336,77,291,835,11,0,11
03/04/20,2922,92,552,586,15,261,276
03/05/20,3513,107,739,591,15,187,202
03/06/20,4747,124,913,1234,17,174,191
03/07/20,5823,145,1669,1076,21,756,777
03/08/20,6566,194,2134,743,49,465,514
03/09/20,7161,237,2394,595,43,260,303
03/10/20,8042,291,2731,881,54,337,391
03/11/20,9000,354,2959,958,63,228,291
03/12/20,10075,429,2959,1075,75,0,75
03/13/20,11364,514,2959,1289,85,0,85
03/14/20,12729,611,2959,1365,97,0,97
03/15/20,13938,724,4590,1209,113,1631,1744
03/16/20,14991,853,4590,1053,129,0,129
03/17/20,16169,988,5389,1178,135,799,934
03/18/20,17361,1135,5389,1192,147,0,147
03/19/20,18407,1284,5710,1046,149,321,470
03/20/20,19644,1433,6745,1237,149,1035,1184
03/21/20,20610,1556,7635,966,123,890,1013
03/22/20,21638,1685,7931,1028,129,296,425
03/23/20,23049,1812,7931,1411,127,0,127
03/24/20,24811,1934,8913,1762,122,982,1104
03/25/20,27017,2077,9625,2206,143,712,855
03/26/20,29406,2234,10457,2389,157,832,989
03/27/20,32332,2378,11133,2926,144,676,820
03/28/20,35408,2517,11679,3076,139,546,685
03/29/20,38309,2640,12391,2901,123,712,835
03/30/20,41495,2757,13911,3186,117,1520,1637
03/31/20,44605,2898,14656,3110,141,745,886
04/01/20,47593,3036,15473,2988,138,817,955
04/02/20,50468,3160,16711,2875,124,1238,1362
04/03/20,53183,3294,17935,2715,134,1224,1358
04/04/20,55743,3452,19736,2560,158,1801,1959
04/05/20,58226,3603,19736,2483,151,0,151
04/06/20,60500,3739,24236,2274,136,4500,4636
04/07/20,62589,3872,27039,2089,133,2803,2936
04/08/20,64586,3993,29812,1997,121,2773,2894
04/09/20,66220,4110,32309,1634,117,2497,2614
04/10/20,68192,4232,35465,1972,122,3156,3278
04/11/20,70029,4357,41947,1837,125,6482,6607
04/12/20,71686,4474,43894,1657,117,1947,2064
04/13/20,73303,4585,45983,1617,111,2089,2200
04/14/20,74877,4683,48129,1574,98,2146,2244
04/15/20,76389,4777,49933,1512,94,1804,1898
04/16/20,77995,4869,52229,1606,92,2296,2388
