,dates2,cum_cases,cum_deaths,cum_recover,new_cases,new_deaths,new_recover,new_uninfected
0,1/22/20,0,0,0.0,0,0,0,0
1,1/23/20,0,0,0.0,0,0,0,0
2,1/24/20,0,0,0.0,0,0,0,0
3,1/25/20,0,0,0.0,0,0,0,0
4,1/26/20,0,0,0.0,0,0,0,0
5,1/27/20,0,0,0.0,0,0,0,0
6,1/28/20,0,0,0.0,0,0,0,0
7,1/29/20,0,0,0.0,0,0,0,0
8,1/30/20,0,0,0.0,0,0,0,0
9,1/31/20,0,0,0.0,0,0,0,0
10,2/1/20,0,0,0.0,0,0,0,0
11,2/2/20,0,0,0.0,0,0,0,0
12,2/3/20,0,0,0.0,0,0,0,0
13,2/4/20,0,0,0.0,0,0,0,0
14,2/5/20,0,0,0.0,0,0,0,0
15,2/6/20,0,0,0.0,0,0,0,0
16,2/7/20,0,0,0.0,0,0,0,0
17,2/8/20,0,0,0.0,0,0,0,0
18,2/9/20,0,0,0.0,0,0,0,0
19,2/10/20,0,0,0.0,0,0,0,0
20,2/11/20,0,0,0.0,0,0,0,0
21,2/12/20,0,0,0.0,0,0,0,0
22,2/13/20,0,0,0.0,0,0,0,0
23,2/14/20,0,0,0.0,0,0,0,0
24,2/15/20,0,0,0.0,0,0,0,0
25,2/16/20,0,0,0.0,0,0,0,0
26,2/17/20,0,0,0.0,0,0,0,0
27,2/18/20,0,0,0.0,0,0,0,0
28,2/19/20,0,0,0.0,0,0,0,0
29,2/20/20,0,0,0.0,0,0,0,0
30,2/21/20,0,0,0.0,0,0,0,0
31,2/22/20,0,0,0.0,0,0,0,0
32,2/23/20,0,0,0.0,0,0,0,0
33,2/24/20,0,0,0.0,0,0,0,0
34,2/25/20,0,0,0.0,0,0,0,0
35,2/26/20,2,0,0.0,2,0,0,0
36,2/27/20,2,0,0.0,0,0,0,0
37,2/28/20,2,0,0.0,0,0,0,0
38,2/29/20,4,0,0.0,2,0,0,0
39,3/1/20,4,0,0.0,0,0,0,0
40,3/2/20,4,0,0.0,0,0,0,0
41,3/3/20,5,0,0.0,1,0,0,0
42,3/4/20,5,0,0.0,0,0,0,0
43,3/5/20,5,0,0.0,0,0,0,0
44,3/6/20,6,0,0.0,1,0,0,0
45,3/7/20,6,0,0.0,0,0,0,0
46,3/8/20,6,0,1.0,0,0,1,1
47,3/9/20,6,0,1.0,0,0,0,0
48,3/10/20,16,0,1.0,10,0,0,0
49,3/11/20,19,0,2.0,3,0,1,1
50,3/12/20,20,0,2.0,1,0,0,0
51,3/13/20,28,0,2.0,8,0,0,0
52,3/14/20,31,0,2.0,3,0,0,0
53,3/15/20,53,0,2.0,22,0,0,0
54,3/16/20,136,0,2.0,83,0,0,0
55,3/17/20,236,0,2.0,100,0,0,0
56,3/18/20,299,0,2.0,63,0,0,0
57,3/19/20,454,2,13.0,155,2,11,13
58,3/20/20,501,3,13.0,47,1,0,1
59,3/21/20,730,3,13.0,229,0,0,0
60,3/22/20,776,5,,46,2,0,-6
61,3/23/20,875,6,13.0,99,1,0,1
62,3/24/20,972,7,18.0,97,1,5,14
63,3/25/20,1063,8,21.0,91,1,3,4
64,3/26/20,1201,9,21.0,138,1,0,1
65,3/27/20,1373,11,23.0,172,2,2,4
66,3/28/20,1495,12,29.0,122,1,6,7
67,3/29/20,1597,14,29.0,102,2,0,2
68,3/30/20,1717,21,76.0,120,7,47,54
69,3/31/20,1938,26,76.0,221,5,0,5
70,4/1/20,2118,27,94.0,180,1,18,19
71,4/2/20,2421,34,125.0,303,7,31,38
72,4/3/20,2686,40,126.0,265,6,1,7
73,4/4/20,2818,41,131.0,132,1,5,6
74,4/5/20,3157,47,211.0,339,6,80,86
75,4/6/20,3766,53,259.0,609,6,48,54
76,4/7/20,4035,57,429.0,269,4,170,174
77,4/8/20,4263,61,467.0,228,4,38,42
78,4/9/20,4489,65,572.0,226,4,105,109
79,4/10/20,4695,66,727.0,206,1,155,156
