dates2,cum_cases,cum_deaths,cum_recover,new_cases,new_deaths,new_recover,new_uninfected
03/07/20,0,0,0,,,,
03/08/20,0,0,0,0.0,0.0,0.0,0.0
03/09/20,0,0,0,0.0,0.0,0.0,0.0
03/10/20,0,0,0,0.0,0.0,0.0,0.0
03/11/20,0,0,0,0.0,0.0,0.0,0.0
03/12/20,1,0,0,1.0,0.0,0.0,0.0
03/13/20,1,0,0,0.0,0.0,0.0,0.0
03/14/20,1,0,0,0.0,0.0,0.0,0.0
03/15/20,1,0,0,0.0,0.0,0.0,0.0
03/16/20,1,0,0,0.0,0.0,0.0,0.0
03/17/20,3,0,0,2.0,0.0,0.0,0.0
03/18/20,6,0,0,3.0,0.0,0.0,0.0
03/19/20,15,0,0,9.0,0.0,0.0,0.0
03/20/20,20,0,0,5.0,0.0,0.0,0.0
03/21/20,28,0,0,8.0,0.0,0.0,0.0
03/22/20,28,0,0,0.0,0.0,0.0,0.0
03/23/20,30,0,0,2.0,0.0,0.0,0.0
03/24/20,34,0,0,4.0,0.0,0.0,0.0
03/25/20,39,0,0,5.0,0.0,0.0,0.0
03/26/20,52,0,0,13.0,0.0,0.0,0.0
03/27/20,65,0,15,13.0,0.0,15.0,15.0
03/28/20,83,1,16,18.0,1.0,1.0,2.0
03/29/20,98,1,18,15.0,0.0,2.0,2.0
03/30/20,109,2,19,11.0,1.0,1.0,2.0
03/31/20,126,3,30,17.0,1.0,11.0,12.0
04/01/20,142,3,34,16.0,0.0,4.0,4.0
04/02/20,159,3,43,17.0,0.0,9.0,9.0
04/03/20,173,3,55,14.0,0.0,12.0,12.0
04/04/20,186,3,63,13.0,0.0,8.0,8.0
04/05/20,207,3,63,21.0,0.0,0.0,0.0
04/06/20,225,3,74,18.0,0.0,11.0,11.0
04/07/20,237,4,82,12.0,1.0,8.0,9.0
04/08/20,251,4,98,14.0,0.0,16.0,16.0
