,dates2,cum_cases,cum_deaths,cum_recover,new_cases,new_deaths,new_recover,new_uninfected
0,01/22/20,0,0.0,0.0,0,0,0,0
1,01/23/20,0,0.0,0.0,0,0,0,0
2,01/24/20,0,0.0,0.0,0,0,0,0
3,01/25/20,0,0.0,0.0,0,0,0,0
4,01/26/20,0,0.0,0.0,0,0,0,0
5,01/27/20,0,0.0,0.0,0,0,0,0
6,01/28/20,0,0.0,0.0,0,0,0,0
7,01/29/20,0,0.0,0.0,0,0,0,0
8,01/30/20,0,0.0,0.0,0,0,0,0
9,01/31/20,0,0.0,0.0,0,0,0,0
10,02/01/20,0,0.0,0.0,0,0,0,0
11,02/02/20,0,0.0,0.0,0,0,0,0
12,02/03/20,0,0.0,0.0,0,0,0,0
13,02/04/20,0,0.0,0.0,0,0,0,0
14,02/05/20,0,0.0,0.0,0,0,0,0
15,02/06/20,0,0.0,0.0,0,0,0,0
16,02/07/20,0,0.0,0.0,0,0,0,0
17,02/08/20,0,0.0,0.0,0,0,0,0
18,02/09/20,0,0.0,0.0,0,0,0,0
19,02/10/20,0,0.0,0.0,0,0,0,0
20,02/11/20,0,0.0,0.0,0,0,0,0
21,02/12/20,0,0.0,0.0,0,0,0,0
22,02/13/20,0,0.0,0.0,0,0,0,0
23,02/14/20,0,0.0,0.0,0,0,0,0
24,02/15/20,0,0.0,0.0,0,0,0,0
25,02/16/20,0,0.0,0.0,0,0,0,0
26,02/17/20,0,0.0,0.0,0,0,0,0
27,02/18/20,0,0.0,0.0,0,0,0,0
28,02/19/20,0,0.0,0.0,0,0,0,0
29,02/20/20,0,0.0,0.0,0,0,0,0
30,02/21/20,0,0.0,0.0,0,0,0,0
31,02/22/20,0,0.0,0.0,0,0,0,0
32,02/23/20,0,0.0,0.0,0,0,0,0
33,02/24/20,0,0.0,0.0,0,0,0,0
34,02/25/20,0,0.0,0.0,0,0,0,0
35,02/26/20,0,0.0,0.0,0,0,0,0
36,02/27/20,0,0.0,0.0,0,0,0,0
37,02/28/20,0,0.0,0.0,0,0,0,0
38,02/29/20,0,0.0,0.0,0,0,0,0
39,03/01/20,0,0.0,0.0,0,0,0,0
40,03/02/20,0,0.0,0.0,0,0,0,0
41,03/03/20,0,0.0,0.0,0,0,0,0
42,03/04/20,0,0.0,0.0,0,0,0,0
43,03/05/20,0,0.0,0.0,0,0,0,0
44,03/06/20,1,0.0,0.0,1,0,0,0
45,03/07/20,1,0.0,0.0,0,0,0,0
46,03/08/20,1,0.0,0.0,0,0,0,0
47,03/09/20,1,0.0,0.0,0,0,0,0
48,03/10/20,5,0.0,0.0,4,0,0,0
49,03/11/20,12,0.0,0.0,7,0,0,0
50,03/12/20,19,0.0,0.0,7,0,0,0
51,03/13/20,35,0.0,0.0,16,0,0,0
52,03/14/20,46,0.0,0.0,11,0,0,0
53,03/15/20,48,0.0,0.0,2,0,0,0
54,03/16/20,55,0.0,1.0,7,0,1,1
55,03/17/20,65,0.0,1.0,10,0,0,0
56,03/18/20,83,0.0,1.0,18,0,0,0
57,03/19/20,103,0.0,1.0,20,0,0,0
58,03/20/20,135,1.0,1.0,32,1,0,1
59,03/21/20,171,1.0,1.0,36,0,0,0
60,03/22/20,222,2.0,1.0,51,1,0,1
61,03/23/20,249,3.0,1.0,27,1,0,1
62,03/24/20,303,3.0,15.0,54,0,14,14
63,03/25/20,384,4.0,15.0,81,1,0,1
64,03/26/20,384,,,0,0,0,-18
65,03/27/20,457,4.0,,73,0,0,0
66,03/28/20,659,10.0,,202,6,0,9
67,03/29/20,741,13.0,,82,3,0,3
68,03/30/20,785,16.0,,44,3,0,3
69,03/31/20,900,16.0,,115,0,0,0
70,04/01/20,1060,28.0,,160,12,0,12
71,04/02/20,1171,31.0,,111,3,0,3
72,04/03/20,1476,39.0,,305,8,0,8
73,04/04/20,1624,44.0,,148,5,0,5
74,04/05/20,1908,51.0,,284,7,0,7
75,04/06/20,2200,58.0,,292,7,0,7
76,04/07/20,2447,61.0,,247,3,0,3
77,04/08/20,2666,65.0,,219,4,0,4
78,04/09/20,2867,66.0,,201,1,0,1
79,04/10/20,3105,71.0,,238,5,0,5
80,04/11/20,3380,74.0,,275,3,0,3
81,04/12/20,3630,80.0,,250,6,0,6
82,04/13/20,4054,85.0,,424,5,0,5
83,04/14/20,4465,94.0,,411,9,0,9
84,04/15/20,4873,99.0,,408,5,0,5
85,04/16/20,5318,103.0,,445,4,0,4
86,04/17/20,5690,110.0,534.0,372,7,0,541
87,04/18/20,5994,117.0,637.0,304,7,103,110
88,04/19/20,6318,122.0,753.0,324,5,116,121
89,04/20/20,6630,125.0,870.0,312,3,117,120
90,04/21/20,6630,125.0,870.0,0,0,0,0
91,04/22/20,6630,125.0,870.0,0,0,0,0
92,04/23/20,6630,125.0,870.0,0,0,0,0
93,04/24/20,6630,125.0,870.0,0,0,0,0
94,04/25/20,6630,125.0,870.0,0,0,0,0
95,04/26/20,6630,125.0,870.0,0,0,0,0
