dates2,cum_cases,cum_deaths,cum_recover,new_cases,new_deaths,new_recover,new_uninfected
03/06/20,0,0,0,,,,
03/07/20,0,0,0,0.0,0.0,0.0,0.0
03/08/20,0,0,0,0.0,0.0,0.0,0.0
03/09/20,0,0,0,0.0,0.0,0.0,0.0
03/10/20,0,0,0,0.0,0.0,0.0,0.0
03/11/20,0,0,0,0.0,0.0,0.0,0.0
03/12/20,0,0,0,0.0,0.0,0.0,0.0
03/13/20,1,0,0,1.0,0.0,0.0,0.0
03/14/20,1,0,0,0.0,0.0,0.0,0.0
03/15/20,1,0,0,0.0,0.0,0.0,0.0
03/16/20,1,0,0,0.0,0.0,0.0,0.0
03/17/20,3,0,0,2.0,0.0,0.0,0.0
03/18/20,6,0,0,3.0,0.0,0.0,0.0
03/19/20,6,0,0,0.0,0.0,0.0,0.0
03/20/20,12,0,0,6.0,0.0,0.0,0.0
03/21/20,14,0,0,2.0,0.0,0.0,0.0
03/22/20,22,0,0,8.0,0.0,0.0,0.0
03/23/20,22,0,0,0.0,0.0,0.0,0.0
03/24/20,36,0,0,14.0,0.0,0.0,0.0
03/25/20,42,1,0,6.0,1.0,0.0,1.0
03/26/20,59,1,0,17.0,0.0,0.0,0.0
03/27/20,69,1,0,10.0,0.0,0.0,0.0
03/28/20,85,2,0,16.0,1.0,0.0,1.0
03/29/20,102,2,0,17.0,0.0,0.0,0.0
03/30/20,114,3,0,12.0,1.0,0.0,1.0
03/31/20,119,3,0,5.0,0.0,0.0,0.0
04/01/20,133,3,0,14.0,0.0,0.0,0.0
04/02/20,143,3,0,10.0,0.0,0.0,0.0
04/03/20,157,3,0,14.0,0.0,0.0,0.0
04/04/20,171,5,0,14.0,2.0,0.0,2.0
04/05/20,185,6,0,14.0,1.0,0.0,1.0
04/06/20,191,6,0,6.0,0.0,0.0,0.0
04/07/20,213,6,29,22.0,0.0,29.0,29.0
04/08/20,226,7,32,13.0,1.0,3.0,4.0
