,dates2,cum_cases,cum_deaths,cum_recover,new_cases,new_deaths,new_recover,new_uninfected
0,01/22/20,0.0,0,0,0,0,0,0
1,01/23/20,0.0,0,0,0,0,0,0
2,01/24/20,0.0,0,0,0,0,0,0
3,01/25/20,0.0,0,0,0,0,0,0
4,01/26/20,0.0,0,0,0,0,0,0
5,01/27/20,0.0,0,0,0,0,0,0
6,01/28/20,0.0,0,0,0,0,0,0
7,01/29/20,0.0,0,0,0,0,0,0
8,01/30/20,0.0,0,0,0,0,0,0
9,01/31/20,0.0,0,0,0,0,0,0
10,02/01/20,0.0,0,0,0,0,0,0
11,02/02/20,0.0,0,0,0,0,0,0
12,02/03/20,0.0,0,0,0,0,0,0
13,02/04/20,0.0,0,0,0,0,0,0
14,02/05/20,0.0,0,0,0,0,0,0
15,02/06/20,0.0,0,0,0,0,0,0
16,02/07/20,0.0,0,0,0,0,0,0
17,02/08/20,0.0,0,0,0,0,0,0
18,02/09/20,0.0,0,0,0,0,0,0
19,02/10/20,0.0,0,0,0,0,0,0
20,02/11/20,0.0,0,0,0,0,0,0
21,02/12/20,0.0,0,0,0,0,0,0
22,02/13/20,0.0,0,0,0,0,0,0
23,02/14/20,0.0,0,0,0,0,0,0
24,02/15/20,0.0,0,0,0,0,0,0
25,02/16/20,0.0,0,0,0,0,0,0
26,02/17/20,0.0,0,0,0,0,0,0
27,02/18/20,0.0,0,0,0,0,0,0
28,02/19/20,0.0,0,0,0,0,0,0
29,02/20/20,0.0,0,0,0,0,0,0
30,02/21/20,0.0,0,0,0,0,0,0
31,02/22/20,0.0,0,0,0,0,0,0
32,02/23/20,0.0,0,0,0,0,0,0
33,02/24/20,0.0,0,0,0,0,0,0
34,02/25/20,0.0,0,0,0,0,0,0
35,02/26/20,0.0,0,0,0,0,0,0
36,02/27/20,0.0,0,0,0,0,0,0
37,02/28/20,1.0,0,0,1,0,0,0
38,02/29/20,1.0,0,0,0,0,0,0
39,03/01/20,1.0,0,0,0,0,0,0
40,03/02/20,1.0,0,0,0,0,0,0
41,03/03/20,1.0,0,0,0,0,0,0
42,03/04/20,3.0,0,0,2,0,0,0
43,03/05/20,3.0,0,0,0,0,0,0
44,03/06/20,4.0,0,0,1,0,0,0
45,03/07/20,5.0,0,0,1,0,0,0
46,03/08/20,5.0,0,0,0,0,0,0
47,03/09/20,5.0,0,0,0,0,0,0
48,03/10/20,5.0,0,0,0,0,0,0
49,03/11/20,5.0,0,0,0,0,0,0
50,03/12/20,5.0,0,0,0,0,0,0
51,03/13/20,5.0,0,0,0,0,0,0
52,03/14/20,6.0,0,0,1,0,0,0
53,03/15/20,8.0,0,0,2,0,0,0
54,03/16/20,8.0,0,0,0,0,0,0
55,03/17/20,12.0,0,0,4,0,0,0
56,03/18/20,20.0,0,0,8,0,0,0
57,03/19/20,28.0,0,0,8,0,0,0
58,03/20/20,39.0,0,0,11,0,0,0
59,03/21/20,52.0,0,0,13,0,0,0
60,03/22/20,102.0,0,0,50,0,0,0
61,03/23/20,102.0,0,0,0,0,0,0
62,03/24/20,155.0,0,12,53,0,12,12
63,03/25/20,205.0,0,22,50,0,10,10
64,03/26/20,283.0,0,27,78,0,5,5
65,03/27/20,368.0,0,37,85,0,10,10
66,03/28/20,451.0,0,50,83,0,13,13
67,03/29/20,514.0,1,56,63,1,6,7
68,03/30/20,589.0,1,63,75,0,7,7
69,03/31/20,647.0,1,74,58,0,11,11
70,04/01/20,708.0,1,83,61,0,9,9
71,04/02/20,797.0,1,92,89,0,9,9
72,04/03/20,868.0,1,103,71,0,11,11
73,04/04/20,950.0,1,127,82,0,24,24
74,04/05/20,1039.0,1,156,89,0,29,29
75,04/06/20,1106.0,1,176,67,0,20,20
76,04/07/20,1160.0,1,241,54,0,65,65
77,04/08/20,1210.0,1,282,50,0,41,41
78,04/09/20,1239.0,1,317,29,0,35,35
79,04/10/20,1283.0,2,373,44,1,56,57
80,04/11/20,1312.0,4,422,29,2,49,51
81,04/12/20,1330.0,4,471,18,0,49,49
82,04/13/20,1349.0,5,546,19,1,75,76
83,04/14/20,1366.0,9,628,17,4,82,86
84,04/15/20,1386.0,9,728,20,0,100,100
85,04/16/20,1401.0,9,770,15,0,42,42
86,04/17/20,1409.0,11,816,8,2,46,48
87,04/18/20,1422.0,11,867,13,0,51,51
88,04/19/20,1431.0,12,912,9,1,45,46
89,04/20/20,1440.0,12,974,9,0,62,62
90,04/21/20,1445.0,13,1006,5,1,32,33
91,04/22/20,1451.0,14,1036,6,1,30,31
92,04/23/20,1456.0,17,1095,5,3,59,62
93,04/24/20,1461.0,18,1118,5,1,23,24
94,04/25/20,1470.0,18,1142,9,0,24,24
95,04/26/20,,19,1180,0,1,38,39
96,04/27/20,1472.0,19,1214,0,0,34,34
97,04/28/20,1474.0,19,1229,2,0,15,15
98,04/29/20,1476.0,19,1241,2,0,12,12
