,dates2,cum_cases,cum_deaths,cum_recover,new_cases,new_deaths,new_recover,new_uninfected
0,01/22/20,0,0,0,0,0,0,0
1,01/23/20,0,0,0,0,0,0,0
2,01/24/20,0,0,0,0,0,0,0
3,01/25/20,0,0,0,0,0,0,0
4,01/26/20,0,0,0,0,0,0,0
5,01/27/20,0,0,0,0,0,0,0
6,01/28/20,0,0,0,0,0,0,0
7,01/29/20,0,0,0,0,0,0,0
8,01/30/20,0,0,0,0,0,0,0
9,01/31/20,0,0,0,0,0,0,0
10,02/01/20,0,0,0,0,0,0,0
11,02/02/20,0,0,0,0,0,0,0
12,02/03/20,0,0,0,0,0,0,0
13,02/04/20,0,0,0,0,0,0,0
14,02/05/20,0,0,0,0,0,0,0
15,02/06/20,0,0,0,0,0,0,0
16,02/07/20,0,0,0,0,0,0,0
17,02/08/20,0,0,0,0,0,0,0
18,02/09/20,0,0,0,0,0,0,0
19,02/10/20,0,0,0,0,0,0,0
20,02/11/20,0,0,0,0,0,0,0
21,02/12/20,0,0,0,0,0,0,0
22,02/13/20,0,0,0,0,0,0,0
23,02/14/20,0,0,0,0,0,0,0
24,02/15/20,0,0,0,0,0,0,0
25,02/16/20,0,0,0,0,0,0,0
26,02/17/20,0,0,0,0,0,0,0
27,02/18/20,0,0,0,0,0,0,0
28,02/19/20,0,0,0,0,0,0,0
29,02/20/20,0,0,0,0,0,0,0
30,02/21/20,0,0,0,0,0,0,0
31,02/22/20,0,0,0,0,0,0,0
32,02/23/20,0,0,0,0,0,0,0
33,02/24/20,0,0,0,0,0,0,0
34,02/25/20,0,0,0,0,0,0,0
35,02/26/20,0,0,0,0,0,0,0
36,02/27/20,0,0,0,0,0,0,0
37,02/28/20,0,0,0,0,0,0,0
38,02/29/20,0,0,0,0,0,0,0
39,03/01/20,0,0,0,0,0,0,0
40,03/02/20,0,0,0,0,0,0,0
41,03/03/20,0,0,0,0,0,0,0
42,03/04/20,1,0,0,1,0,0,0
43,03/05/20,1,0,0,0,0,0,0
44,03/06/20,1,0,0,0,0,0,0
45,03/07/20,1,0,0,0,0,0,0
46,03/08/20,2,0,0,1,0,0,0
47,03/09/20,2,0,0,0,0,0,0
48,03/10/20,5,0,0,3,0,0,0
49,03/11/20,7,0,0,2,0,0,0
50,03/12/20,7,0,0,0,0,0,0
51,03/13/20,16,0,0,9,0,0,0
52,03/14/20,18,0,0,2,0,0,0
53,03/15/20,18,0,0,0,0,0,0
54,03/16/20,20,0,0,2,0,0,0
55,03/17/20,24,0,0,4,0,0,0
56,03/18/20,29,0,0,5,0,0,0
57,03/19/20,39,1,0,10,1,0,1
58,03/20/20,54,1,0,15,0,0,0
59,03/21/20,60,1,0,6,0,0,0
60,03/22/20,75,3,1,15,2,1,3
61,03/23/20,89,3,1,14,0,0,0
62,03/24/20,114,4,1,25,1,0,1
63,03/25/20,173,5,2,59,1,1,2
64,03/26/20,197,6,2,24,1,0,1
65,03/27/20,227,6,2,30,0,0,0
66,03/28/20,278,8,2,51,2,0,2
67,03/29/20,312,8,2,34,0,0,0
68,03/30/20,312,8,3,0,0,1,1
69,03/31/20,394,10,3,82,2,0,2
70,04/01/20,423,12,5,29,2,2,4
71,04/02/20,455,14,5,32,2,0,2
72,04/03/20,495,18,5,40,4,0,4
73,04/04/20,553,18,5,58,0,0,0
74,04/05/20,574,22,5,21,4,0,4
75,04/06/20,596,22,5,22,0,0,0
76,04/07/20,623,23,25,27,1,20,21
77,04/08/20,628,24,25,5,1,0,1
78,04/09/20,643,25,25,15,1,0,1
79,04/10/20,671,25,25,28,0,0,0
80,04/11/20,685,28,43,14,3,18,21
81,04/12/20,707,31,43,22,3,0,3
82,04/13/20,726,34,43,19,3,0,3
83,04/14/20,747,34,43,21,0,0,0
84,04/15/20,780,35,43,33,1,0,1
85,04/16/20,822,37,43,42,2,0,2
86,04/17/20,864,37,43,42,0,0,0
87,04/18/20,864,37,43,0,0,0,0
88,04/19/20,879,38,43,15,1,0,1
89,04/20/20,884,38,148,5,0,105,105
90,04/21/20,884,38,148,0,0,0,0
91,04/22/20,909,38,190,25,0,42,42
92,04/23/20,918,38,190,9,0,0,0
93,04/24/20,922,38,194,4,0,4,4
94,04/25/20,939,38,207,17,0,13,13
95,04/26/20,949,38,216,10,0,9,9
