,dates2,cum_cases,cum_deaths,cum_recover,new_cases,new_deaths,new_recover,new_uninfected
0,01/22/20,548,17,28.0,0,0,0,0
1,01/23/20,643,18,30.0,95,1,2,3
2,01/24/20,920,26,36.0,277,8,6,14
3,01/25/20,1406,42,39.0,486,16,3,19
4,01/26/20,2075,56,49.0,669,14,10,24
5,01/27/20,2877,82,58.0,802,26,9,35
6,01/28/20,5509,131,101.0,2632,49,43,92
7,01/29/20,6087,133,120.0,578,2,19,21
8,01/30/20,8141,171,135.0,2054,38,15,53
9,01/31/20,9802,213,214.0,1661,42,79,121
10,02/01/20,11891,259,275.0,2089,46,61,107
11,02/02/20,16630,361,463.0,4739,102,188,290
12,02/03/20,19716,425,614.0,3086,64,151,215
13,02/04/20,23707,491,843.0,3991,66,229,295
14,02/05/20,27440,563,1115.0,3733,72,272,344
15,02/06/20,30587,633,1477.0,3147,70,362,432
16,02/07/20,34110,718,1999.0,3523,85,522,607
17,02/08/20,36814,805,2596.0,2704,87,597,684
18,02/09/20,39829,905,3219.0,3015,100,623,723
19,02/10/20,42354,1012,3918.0,2525,107,699,806
20,02/11/20,44386,1112,4636.0,2032,100,718,818
21,02/12/20,44759,1117,5082.0,373,5,446,451
22,02/13/20,59895,1369,6217.0,15136,252,1135,1387
23,02/14/20,66358,1521,7977.0,6463,152,1760,1912
24,02/15/20,68413,1663,9298.0,2055,142,1321,1463
25,02/16/20,70513,1766,10755.0,2100,103,1457,1560
26,02/17/20,72434,1864,12462.0,1921,98,1707,1805
27,02/18/20,74211,2003,14206.0,1777,139,1744,1883
28,02/19/20,74619,2116,15962.0,408,113,1756,1869
29,02/20/20,75077,2238,18014.0,458,122,2052,2174
30,02/21/20,75550,2238,18704.0,473,0,690,690
31,02/22/20,77001,2443,22699.0,1451,205,3995,4200
32,02/23/20,77022,2445,23187.0,21,2,488,490
33,02/24/20,77241,2595,25015.0,219,150,1828,1978
34,02/25/20,77754,2665,27676.0,513,70,2661,2731
35,02/26/20,78166,2717,30084.0,412,52,2408,2460
36,02/27/20,78600,2746,32930.0,434,29,2846,2875
37,02/28/20,78928,2790,36329.0,328,44,3399,3443
38,02/29/20,79356,2837,39320.0,428,47,2991,3038
39,03/01/20,79932,2872,42162.0,576,35,2842,2877
40,03/02/20,80136,2914,44854.0,204,42,2692,2734
41,03/03/20,80261,2947,47450.0,125,33,2596,2629
42,03/04/20,80386,2983,50001.0,125,36,2551,2587
43,03/05/20,80537,3015,52292.0,151,32,2291,2323
44,03/06/20,80690,3044,53944.0,153,29,1652,1681
45,03/07/20,80770,3072,55539.0,80,28,1595,1623
46,03/08/20,80823,3100,57388.0,53,28,1849,1877
47,03/09/20,80860,3123,58804.0,37,23,1416,1439
48,03/10/20,80887,3139,60181.0,27,16,1377,1393
49,03/11/20,80921,3161,61644.0,34,22,1463,1485
50,03/12/20,80932,3172,62901.0,11,11,1257,1268
51,03/13/20,80945,3180,64196.0,13,8,1295,1303
52,03/14/20,80977,3193,65660.0,32,13,1464,1477
53,03/15/20,81003,3203,67017.0,26,10,1357,1367
54,03/16/20,81033,3217,67910.0,30,14,893,907
55,03/17/20,81058,3230,68798.0,25,13,888,901
56,03/18/20,81102,3241,69755.0,44,11,957,968
57,03/19/20,81156,3249,70535.0,54,8,780,788
58,03/20/20,81250,3253,71266.0,94,4,731,735
59,03/21/20,81305,3259,71857.0,55,6,591,597
60,03/22/20,81435,3274,72362.0,130,15,505,520
61,03/23/20,81498,3274,72814.0,63,0,452,452
62,03/24/20,81591,3281,73280.0,93,7,466,473
63,03/25/20,81661,3285,73773.0,70,4,493,497
64,03/26/20,81782,3291,74181.0,121,6,408,414
65,03/27/20,81897,3296,74720.0,115,5,539,544
66,03/28/20,81999,3299,75100.0,102,3,380,383
67,03/29/20,82122,3304,75582.0,123,5,482,487
68,03/30/20,82198,3308,75923.0,76,4,341,345
69,03/31/20,82279,3309,76206.0,81,1,283,284
70,04/01/20,82361,3316,76405.0,82,7,199,206
71,04/02/20,82432,3322,76565.0,71,6,160,166
72,04/03/20,82511,3326,76760.0,79,4,195,199
73,04/04/20,82543,3330,76946.0,32,4,186,190
74,04/05/20,82602,3333,77207.0,59,3,261,264
75,04/06/20,82665,3335,77310.0,63,2,103,105
76,04/07/20,82718,3335,77410.0,53,0,100,100
77,04/08/20,82809,3337,77567.0,91,2,157,159
78,04/09/20,82883,3339,77679.0,74,2,112,114
79,04/10/20,82941,3340,77791.0,58,1,112,113
80,04/11/20,83014,3343,77877.0,73,3,86,89
81,04/12/20,83134,3343,77956.0,120,0,79,79
82,04/13/20,83213,3345,78039.0,79,2,83,85
83,04/14/20,83306,3345,78200.0,93,0,161,161
84,04/15/20,83356,3346,78311.0,50,1,111,112
85,04/16/20,83403,3346,78401.0,47,0,90,90
86,04/17/20,83760,4636,,357,1290,0,441
87,04/18/20,83787,4636,78401.0,27,0,0,62
88,04/19/20,83805,4636,78401.0,18,0,0,76
89,04/20/20,83817,4636,78401.0,12,0,0,55
90,04/21/20,83853,4636,78401.0,36,0,0,54
91,04/22/20,83868,4636,78401.0,15,0,0,62
92,04/23/20,83884,4636,78401.0,16,0,0,122
93,04/24/20,83899,4636,78401.0,15,0,0,126
94,04/25/20,83909,4636,78401.0,10,0,0,66
95,04/26/20,83912,4637,78401.0,3,1,0,103
96,04/27/20,83918,4637,78401.0,6,0,0,97
97,04/28/20,83940,4637,78422.0,22,0,21,48
98,04/29/20,83944,4637,78474.0,4,0,52,52
