dates2,cum_cases,cum_deaths,cum_recover,new_cases,new_deaths,new_recover,new_uninfected
03/07/20,1,0,0,,,,
03/08/20,1,0,0,0.0,0.0,0.0,0.0
03/09/20,2,0,0,1.0,0.0,0.0,0.0
03/10/20,2,0,0,0.0,0.0,0.0,0.0
03/11/20,2,0,0,0.0,0.0,0.0,0.0
03/12/20,2,0,0,0.0,0.0,0.0,0.0
03/13/20,2,0,0,0.0,0.0,0.0,0.0
03/14/20,2,0,0,0.0,0.0,0.0,0.0
03/15/20,2,0,0,0.0,0.0,0.0,0.0
03/16/20,7,0,0,5.0,0.0,0.0,0.0
03/17/20,10,0,0,3.0,0.0,0.0,0.0
03/18/20,14,0,0,4.0,0.0,0.0,0.0
03/19/20,16,0,0,2.0,0.0,0.0,0.0
03/20/20,26,0,0,10.0,0.0,0.0,0.0
03/21/20,37,0,0,11.0,0.0,0.0,0.0
03/22/20,48,0,0,11.0,0.0,0.0,0.0
03/23/20,56,0,0,8.0,0.0,0.0,0.0
03/24/20,77,0,0,21.0,0.0,0.0,0.0
03/25/20,90,0,0,13.0,0.0,0.0,0.0
03/26/20,95,0,0,5.0,0.0,0.0,0.0
03/27/20,106,0,0,11.0,0.0,0.0,0.0
03/28/20,120,0,0,14.0,0.0,0.0,0.0
03/29/20,151,0,0,31.0,0.0,0.0,0.0
03/30/20,175,0,0,24.0,0.0,0.0,0.0
03/31/20,204,0,49,29.0,0.0,49.0,49.0
04/01/20,208,1,58,4.0,1.0,9.0,10.0
04/02/20,258,1,69,50.0,0.0,11.0,11.0
04/03/20,285,2,72,27.0,1.0,3.0,4.0
04/04/20,319,3,78,34.0,1.0,6.0,7.0
04/05/20,351,4,82,32.0,1.0,4.0,5.0
04/06/20,371,4,85,20.0,0.0,3.0,3.0
04/07/20,387,5,89,16.0,1.0,4.0,5.0
04/08/20,410,5,113,23.0,0.0,24.0,24.0
