,dates2,cum_cases,cum_deaths,cum_recover,new_cases,new_deaths,new_recover,new_uninfected
0,03/07/20,0,0,0,0,0,0,0
1,03/08/20,0,0,0,0,0,0,0
2,03/09/20,0,0,0,0,0,0,0
3,03/10/20,0,0,0,0,0,0,0
4,03/11/20,5,0,0,5,0,0,0
5,03/12/20,8,0,0,3,0,0,0
6,03/13/20,9,0,0,1,0,0,0
7,03/14/20,9,0,0,0,0,0,0
8,03/15/20,9,0,0,0,0,0,0
9,03/16/20,10,0,0,1,0,0,0
10,03/17/20,11,0,0,1,0,0,0
11,03/18/20,11,1,0,0,1,0,1
12,03/19/20,11,1,0,0,0,0,0
13,03/20/20,14,1,0,3,0,0,0
14,03/21/20,14,1,0,0,0,0,0
15,03/22/20,21,1,0,7,0,0,0
16,03/23/20,28,1,0,7,0,0,0
17,03/24/20,30,1,0,2,0,0,0
18,03/25/20,41,1,0,11,0,0,0
19,03/26/20,46,1,16,5,0,16,16
20,03/27/20,58,1,21,12,0,5,5
21,03/28/20,68,1,26,10,0,5,5
22,03/29/20,90,1,29,22,0,3,3
23,03/30/20,101,1,34,11,0,5,5
24,03/31/20,108,1,44,7,0,10,10
25,04/01/20,129,2,51,21,1,7,8
26,04/02/20,165,2,57,36,0,6,6
27,04/03/20,187,2,69,22,0,12,12
28,04/04/20,212,2,76,25,0,7,7
29,04/05/20,240,2,84,28,0,8,8
30,04/06/20,288,4,91,48,2,7,9
31,04/07/20,320,6,98,32,2,7,9
32,04/08/20,393,6,146,73,0,48,48
33,04/09/20,447,6,161,54,0,15,15
34,04/10/20,536,6,177,89,0,16,16
35,04/11/20,626,6,189,90,0,12,12
36,04/12/20,730,6,197,104,0,8,8
37,04/13/20,868,6,207,138,0,10,10
38,04/14/20,988,6,261,120,0,54,54
39,04/15/20,1168,6,329,180,0,68,68
40,04/16/20,1311,7,373,143,1,44,45
41,04/17/20,1411,7,457,100,0,84,84
42,04/18/20,1542,7,552,131,0,95,95
43,04/19/20,1635,7,646,93,0,94,94
44,04/20/20,1685,7,709,50,0,63,63
45,04/21/20,1755,8,824,70,1,115,116
46,04/22/20,1858,8,937,103,0,113,113
47,04/23/20,1956,9,1064,98,1,127,128
48,04/24/20,2040,10,1190,84,1,126,127
49,04/25/20,2147,10,1223,107,0,33,33
50,04/26/20,2212,11,1257,65,1,34,35
